-3.799784
0.3602437
-3.698642
0.5004636
3.323524
-1.321345
-1.876572
-0.6976131
-1.741761
3.61146
3.604907
-3.596396
0.5835571
2.210309
-0.660345
1.092382
0.8618388
2.505528
3.903309
-2.745788
-0.04641817
-3.073529
-2.8887
2.537331
1.132541
3.676434
0.4064655
1.256198
-2.22379
-0.5976713
4.542784
0.6129173
1.69908
3.007834
-2.376938
3.806874
-2.055336
1.927324
-3.750982
3.447896
2.600343
1.458411
-0.04868037
2.610094
-1.767035
4.322321
1.643337
-0.6623034
2.561773
0.7994051
-2.406495
-0.4189223
-2.128023
-3.494127
2.833222
2.300687
0.1377089
-3.513283
-1.617668
0.7868912
0.763324
-3.863129
-1.035532
-0.09162448
-2.031698
2.97507
-2.747413
-3.562354
0.2465793
1.277174
1.234568E+09
1.395093
-3.042781
0.8063213
0.839938
-0.1386761
3.797417
-0.3983118
-0.4019031
2.385374
0.368641
0.3028446
-2.344483
-0.7798947
-1.159589
-1.480021
-2.993309
-0.1871954
-1.375955
-2.852413
0.4898711
-2.226003
0.1616282
2.955587
1.673023
2.682975
0.9328484
-1.58108
1.366892
0.812595
-0.1961263
1.436572
-2.172708
-0.4284726
-2.810421
-4.08911
-1.465022
0.5010879
0.3307412
2.721948
0.1017604
-0.5327508
2.751616
-0.8837838
3.356504
0.7127092
-1.93704
2.336117
2.289491
3.296539
0.1950983
-3.144681
-2.894717
-0.342354
-1.405216
-1.218028
0.09343962
0.9415898
0.531408
0.2490074
1.320853
-3.237208
-3.143046
1.332894
-1.585593
-2.097414
2.415448
-2.161788
1.900507
-3.764839
2.811181
1.951067
-2.933528
3.409803
2.532451
2.252184
1.252701
1.334475
-2.81877
2.13132
-1.15677
-1.692592
1.186411
1.005167
1.178802
3.120598
3.439715
-1.474157
2.903779
0.8060302
0.9032666
-2.681627
-1.461925
3.637702
-2.925042
4.028508
-0.8067858
-2.465123
2.698138
3.963369
2.245238
1.234568E+09
-0.2267385
-4.024612
-2.200446
-0.620306
2.322999
-4.041051
-0.9131923
3.608701
-2.197837
0.08548698
-0.8894243
0.6111181
-0.7198284
2.557368
3.381168
3.333363
-1.25808
0.03488987
-3.666781
-2.495217
2.091394
-0.2687047
-0.8993124
0.3984301
0.9772197
0.4960862
-1.62857
-2.835433
-1.667362
0.7418643
-3.273121
-1.241108
-3.278667
1.993153
-2.14763
-2.205813
-3.452882
-1.628593
1.876943
0.1385228
1.234568E+09
0.03729192
0.2185466
0.820159
-0.814901
0.1418375
-1.35318
-0.8665615
-0.3407438
0.4115813
-0.2018017
1.234568E+09
0.06428602
-0.3650093
-0.5357803
0.9063422
-0.7983438
0.2994505
-0.9301943
-0.01825157
-0.5704328
0.6292456
1.234568E+09
0.72325
-0.7496369
-0.1830253
0.6941037
1.234568E+09
