-0.8828189
-1.604311
-2.974581
0.6430032
0.2508442
1.909204
3.757988
0.9409267
-1.056352
-2.801976
-0.0522785
-1.758896
2.511398
2.573606
1.664978
2.462705
-3.661735
0.193536
-2.084424
-0.1407301
2.848713
-1.033705
2.662303
4.036437
0.2300414
3.803807
-2.949826
0.797116
-1.241493
0.2918293
3.244585
1.558187
1.932185
1.35124
3.274628
1.142011
2.752634
0.7339691
1.02589
-2.563912
3.204795
-0.3907411
-2.005078
-4.573251
0.6411337
-3.756955
-0.2891041
0.9410083
-1.295327
-2.827699
1.116879
-0.7389758
3.021083
-1.186379
-3.230991
-1.90884
-3.563357
-1.292224
-0.2667881
-0.1718845
3.222395
3.607004
-2.55519
-1.763575
3.841112
1.275051
3.158133
-0.9055105
-1.093641
-2.228988
1.234568E+09
1.435939
-3.029062
1.141551
3.831579
2.51553
-3.349418
-0.6782552
2.143833
0.03260495
-1.835877
2.363575
-3.801655
3.398645
-0.1710851
-2.045374
0.8549552
2.00504
0.406718
-0.7248683
-3.451378
-3.29385
-0.09080078
-1.987832
-3.016473
-0.1696272
-3.254848
2.50991
-2.921263
-3.115756
2.769718
3.403824
0.8479571
-3.496394
2.586534
-3.54962
0.2660227
-1.319024
1.588321
-1.303506
-3.076063
-4.070235
3.489828
2.205995
3.114774
-1.315314
0.2343926
0.4375962
1.218117
0.3220859
-2.331623
-2.681815
0.7493044
0.5904774
-2.285363
3.889838
-1.144541
3.352006
4.029978
2.401716
-3.840345
0.0003011078
-1.291385
-0.05652951
-2.814692
0.2382081
0.7772111
1.70563
-0.7164999
3.419387
0.4120377
-2.524246
2.966282
3.022054
3.727937
1.040011
-3.286692
-0.1860608
-3.841799
-2.348094
-2.725367
2.66392
-2.714898
3.680125
2.911966
2.339367
-1.919234
3.868263
0.8808559
-1.873317
3.555608
-3.917403
1.896361
-2.885807
3.914195
-0.4706088
-1.609949
1.641689
-0.5648587
-0.04309463
-3.759221
1.234568E+09
-1.225851
-3.235928
0.6465597
-0.8169219
1.362474
2.774515
0.0700217
-3.430423
0.9295287
-2.625031
4.337991
2.644792
-2.826279
-1.756247
-3.73503
-0.6387964
-2.24649
1.547902
0.8705639
-2.007173
-0.3872017
3.861577
-0.3700014
4.481479
-0.2554233
-0.6231995
4.268907
-2.989751
-0.298709
1.15002
-2.18679
3.582495
-0.8401181
-0.4787412
-1.525878
2.09156
-0.01384431
-2.900312
-3.91525
-3.67586
1.234568E+09
0.5390095
-0.02209472
-0.1535266
-1.128966
-0.7355523
-0.1880634
0.5326434
0.6391729
-0.7860633
-0.02126344
1.234568E+09
0.1704834
-0.5169622
0.7652549
-0.7519062
0.2089171
0.1563575
0.3216935
-0.1643427
-0.2676957
-0.848307
1.234568E+09
0.3927008
-0.6389608
1.237434
0.7693256
1.234568E+09
