0.9346479
-1.805058
2.551562
3.244521
-2.82084
-2.607984
-0.5930977
0.6117991
-1.871805
-4.07135
0.4822063
-3.656733
3.280644
-3.057924
-0.4634903
1.855448
0.1510892
4.052649
0.6780534
-0.1445059
-3.423411
0.02115849
-2.203985
1.253004
-1.842861
2.118011
0.4313871
1.928311
-1.224394
0.6084051
3.327975
-1.143706
-3.073818
-1.167446
-0.5281592
-2.696184
-2.364264
-3.280907
-2.609463
2.615617
3.196947
-1.80196
0.2137186
1.79625
-3.736695
-0.0787042
-0.317369
-2.55638
0.4584702
1.887203
3.295208
3.159925
-4.069749
-2.26263
-2.223444
-3.062307
1.414981
-3.679493
-2.008035
4.314481
1.656232
3.128564
2.516755
-0.4153686
-0.3096769
1.407953
0.4275209
-2.590911
3.388161
0.3509465
1.234568E+09
-0.9251273
-1.890954
-3.710417
2.302646
-2.227345
-0.3254795
-0.9754248
1.64756
3.607473
3.177016
2.029949
-1.415613
2.837231
2.119705
-2.750101
-3.069632
-4.069773
3.632271
-2.562301
-2.858911
1.739313
2.526175
-0.0123275
0.8884147
2.956736
3.83092
3.322008
-1.927289
1.4796
1.535929
-2.41423
-0.9110767
-0.1396696
-4.118108
-0.3176927
1.510209
-2.320443
-1.460994
2.096861
-1.94765
1.17049
0.7919028
-1.116575
4.36845
0.2544715
-0.3676807
0.3599434
4.064971
-2.588386
-3.472242
1.958665
-0.254611
-3.867216
0.5571043
2.734971
0.8124793
-2.962657
1.229299
-2.831383
3.381235
1.188937
0.230366
-0.2864586
-0.1502576
3.403052
-0.1521429
-1.419016
2.524938
-1.785995
-3.089607
-3.8137
-1.030571
3.142054
-1.973718
3.20462
2.826127
-2.454369
-4.018272
3.148495
-1.228828
-3.113806
-0.4803476
-1.112888
-3.239793
-2.809669
-3.646374
-1.682784
2.22639
-2.232486
0.9602247
-1.324254
3.578418
1.461482
2.718568
-3.67741
-2.848733
3.205568
-0.7561141
-3.562287
1.162951
1.234568E+09
-1.558615
-1.298497
0.5257418
-3.635054
2.77038
2.416486
-3.817341
3.977538
-3.039336
-1.180056
3.566987
3.53105
1.655628
-3.315624
-1.975509
4.059159
-1.26276
4.040333
1.901915
-2.433075
-1.643148
-0.1790822
2.60681
2.081401
0.4163815
-2.777929
3.474138
3.72647
2.912235
1.882594
-3.73038
2.96149
0.6699961
-2.723958
-1.148412
1.117731
-0.3207603
0.02870174
1.377271
2.235664
1.234568E+09
0.5707822
1.246972
0.2070158
-0.6804802
-0.04075674
1.20201
-0.7454755
0.3277675
-1.033601
-0.2159088
1.234568E+09
-0.937175
0.1381821
-0.6421502
0.7580826
0.3821689
-0.06570869
0.5995794
0.4145092
0.6645334
-0.6987596
1.234568E+09
-1.307011
-0.3587836
1.262042
0.4604971
1.234568E+09
