-1.239094
-0.9949878
-0.5830456
2.989085
-0.3476627
-1.61224
0.4441631
-1.758208
3.218972
-1.359769
0.436616
3.389568
3.87273
-2.909914
3.084758
-2.79819
2.685307
0.4166732
2.16595
-1.653177
1.308816
-2.019121
3.119294
-3.48139
4.098598
2.378104
1.147763
-1.795361
0.03804494
-2.613667
-4.417567
-2.059903
2.995283
-0.8497446
1.824909
-3.604433
-3.746265
-1.257821
1.470041
0.7365127
0.4070564
1.352916
2.863778
-1.454347
-0.5787109
-1.263575
-0.507349
2.48982
2.044441
2.238957
-1.058139
-1.716994
-1.649207
-3.74895
-2.173706
-1.148091
0.8725592
0.1998865
-2.738924
-1.510624
3.13652
3.423165
-1.095787
-3.553083
-3.105961
-3.980579
-2.801619
2.386674
0.3185622
-2.670117
1.234568E+09
-2.421138
-0.1965522
-1.127491
-0.7094354
-1.465131
0.2540166
0.08417834
-2.98004
0.4252568
-0.4239844
0.6388077
3.538551
1.38977
-0.7288064
-3.094161
3.661361
-2.02385
1.867373
-1.425304
4.339837
1.166291
-3.403548
1.387402
-0.8079524
-1.667333
-0.1038785
2.43095
-1.132392
1.821488
0.147682
-1.540477
2.888481
2.609679
2.219554
3.776671
-3.118322
-0.8438396
1.886075
-3.982304
-2.889478
-1.385091
-0.03399843
-3.654424
-1.048988
3.495437
3.483579
2.239713
-2.838286
3.701621
-3.466477
-0.03532346
-3.879827
-1.290404
1.041654
1.244784
-0.6435651
-1.257876
-4.040221
3.950771
1.53953
1.641952
-1.643528
-1.290742
0.02378323
2.985087
3.427445
-2.623473
2.205693
0.9691897
1.261601
3.368247
1.634481
2.316918
-0.6533164
-1.040223
3.7443
3.483612
-3.498935
-1.868411
4.197107
0.07375583
-2.854977
-1.973035
1.978023
4.496654
-0.5834125
3.529828
3.477804
3.733608
-3.207478
3.211282
-0.1602013
-1.246439
2.686687
3.294846
1.790467
1.560114
-2.514113
-1.094824
-2.147938
1.234568E+09
0.1402406
-2.378627
2.365069
0.2458656
1.319811
0.6066065
-2.678284
-0.2373708
0.5277497
1.060998
-0.1915272
-1.256302
0.09543841
3.363293
3.789519
1.444638
0.5564953
-2.853604
-2.413913
0.2703887
-1.38743
3.222189
-1.727516
3.106865
-1.557329
2.584429
2.261076
-3.739686
0.651579
2.226206
0.2650096
-3.92778
-2.33319
-3.710014
0.6514556
0.477827
1.525215
1.189441
-0.2521508
-3.88962
1.234568E+09
-0.3533673
-0.8160474
-0.4252366
-1.065659
-0.3261544
0.8057992
0.1167048
-0.2068926
-0.2688318
0.8863154
1.234568E+09
0.5662985
0.4154727
0.1939547
-0.1112425
0.02943834
0.1593791
1.06673
-1.061103
-0.08968832
-0.1471829
1.234568E+09
-1.067789
-0.4600833
-0.9124624
-0.9962793
1.234568E+09
