1.894062
1.640507
2.97738
0.8156274
2.606626
0.05075096
-1.228789
3.552043
-2.360103
1.980527
1.795279
2.547365
2.163166
0.1161384
2.842729
-2.027714
-3.012266
-1.083891
-2.509005
-0.8788814
0.01580502
-1.682537
-3.620781
3.343877
0.7259893
1.999299
0.9616728
3.684072
-3.477228
0.7689331
1.528402
-2.675059
-3.324851
-2.29207
1.76854
-0.5811741
-3.533699
3.617949
1.246004
-3.136992
-0.6296205
3.080204
-0.5973067
-0.8791921
1.448527
-0.4793577
-1.684911
3.453922
3.556655
-1.402562
1.402691
1.361906
-3.257138
-2.67385
-3.513614
-3.841312
-0.4017953
-0.9976215
2.777814
0.6696686
-0.7576825
1.989916
-0.01677046
3.277432
-0.2199508
-2.520823
-3.460777
1.284349
-3.815467
1.841384
1.234568E+09
-0.3336239
3.262989
-1.641108
0.0543222
1.86713
2.949604
-2.611456
-1.771723
0.2688445
-1.532559
0.08389278
-0.9415612
-1.063518
-0.2693906
1.529256
-2.378856
-2.864565
-0.673604
0.06845461
-2.084813
-0.8479553
-1.568221
-2.963765
1.874913
1.102519
2.765595
1.968706
-3.363819
-2.356064
-0.4834788
2.661262
1.295832
1.107208
0.6058689
3.21908
-1.024325
-1.968469
-0.2977856
-1.215882
2.948431
-1.498747
-1.997161
-0.2229353
-2.371397
0.3762753
1.346364
-0.7236463
-1.856119
-2.707871
-2.085779
-1.085907
0.05136489
-0.2363255
-4.148125
3.759604
3.30168
-1.599549
2.05131
2.811814
1.650126
3.748507
-2.48132
-1.830898
-1.460785
-2.29322
-2.984804
-3.876392
1.599268
-3.708993
-0.4178152
-1.097957
-3.608487
-0.4445563
0.3794548
3.993997
3.567458
0.3849647
3.070892
-3.083025
-2.728721
3.351876
-1.068918
-0.190457
1.862272
4.052292
-2.845023
1.010849
-2.428865
-1.781085
2.108615
-3.072089
-0.6759404
-0.3179647
0.725042
1.29862
2.930761
-3.546328
3.079888
-3.180645
0.533733
1.234568E+09
-1.789733
0.991681
-2.927649
-1.24974
1.980268
-1.504406
1.691683
2.148709
-0.9757285
-3.554254
-3.630456
-1.194732
0.3106911
-3.017672
-0.1792452
-2.358051
-1.451637
3.28054
-3.261796
-3.592336
-1.40607
-4.28845
-0.1919056
-1.311494
-3.22597
-1.053265
-2.163334
3.565748
-0.2764997
-1.046226
0.7701395
-2.26966
-3.641243
-1.317349
0.05240786
2.436562
-0.4535899
3.749206
-2.297077
1.30487
1.234568E+09
-0.0755773
0.6586127
0.06175596
-0.6119517
-0.2220287
-0.3020119
-0.8527263
0.04856027
0.796124
0.1940687
1.234568E+09
1.03441
1.490767
0.5252313
1.208452
-0.7706317
0.80454
0.9568858
-0.9587401
-0.5015417
-0.4990901
1.234568E+09
-0.5869999
-0.4935911
0.3290603
0.8725808
1.234568E+09
